0113
0935
1950
1081
0796
2162
2330
0732
1363
1993
0290
1974
1414
0504
0588
1423
0406
0573
1671
0719
1369
0795
1325
0340
2109
0123
0896
0055
0303
1197
0192
0397
0697
0136
0000
2067
2212
0538
0999
1793
0770
1291
0621
1994
1500
1124
1304
1080
0998
1776
1660
2228
1073
0312
1768
0332
0848
0115
0912
0860
2294
1651
2006
1276
0242
1288
0233
0809
0897
1238
2407
2420
0846
2194
1087
2406
1481
0859
1678
0319
2312
0023
0283
1589
1516
0357
0170
0374
2441
1682
0080
0442
0252
0157
0269
0743
1232
1383
2045
0988
