2392
1893
0754
0621
0733
0761
1415
1694
1141
0374
2185
1003
0303
0221
1652
0113
2135
1599
1060
0770
2194
2105
1974
0943
1481
0908
1950
0394
0988
1363
0038
0136
0859
0367
2212
0846
0998
0357
0465
1529
1527
1750
1532
1655
0157
0918
0584
0692
2290
0542
0123
0444
1260
1516
0412
2247
0311
1239
0242
1197
2312
1573
0142
0005
0308
2123
2109
1651
0074
0887
1174
0744
1703
1080
2291
0504
0617
0203
0766
0055
1147
1500
0080
1998
1325
0538
0442
1154
1770
0340
1660
2162
1304
0757
2240
1159
2228
0860
1526
0935
